-17
24
-1
-6
9
-19
-10
-2
4
-6
11
7
-1
-4
-7
5
-15
5
-5
23
-4
15
3
-4
0
0
7
-17
0
8
-24
-11
3
1
12
-27
-5
-24
-21
-7
0
3
12
10
2
11
3
11
-12
2
-2
-15
4
3
-18
16
-9
8
-16
3
-4
7
-20
5
29
5
0
-3
-4
7
6
15
-1
-7
-14
-8
5
12
-12
18
-5
2
-12
0
-17
0
-14
0
-16
-16
-7
2
1
-19
-25
6
0
10
5
12
-2
-12
8
-5
-6
28
-16
10
8
-10
16
-18
0
7
-10
5
-6
-1
13
0
10
7
0
-5
-1
-2
17
-2
-15
1
-3
-6
-13
-2
0
5
-11
20
-5
6
10
-13
-16
4
-4
-1
-10
0
-5
-28
1
-2
5
-6
-19
15
7
-17
-1
8
7
0
6
8
-2
-11
-17
-5
4
-9
-11
-5
17
16
-36
-1
-8
1
-7
6
13
6
-5
7
-1
-6
10
-15
-15
1
-13
-17
-4
1
3
3
5
-3
15
-2
4
10
12
-3
-3
-12
-16
-16
-18
-12
-9
17
-4
18
-10
2
6
-3
8
-3
10
-14
-12
9
6
2
0
0
11
19
6
-4
6
4
18
2
13
13
-4
11
-8
0
9
-9
-2
0
13
-12
-8
6
-18
8
9
13
-7
20
14
-12
1
18
-9
13
8
-3
0
-4
-11
-12
-3
17
10
16
17
-5
-20
-1
1
3
11
9
15
4
-24
-6
12
-34
-6
0
-4
-1
0
2
-18
8
-13
8
17
4
0
3
10
-8
-2
-4
-9
-8
4
22
7
0
-11
12
8
10
-14
6
-6
35
3
8
-15
9
-1
-3
-6
11
4
7
-10
11
0
-11
15
11
-6
6
-9
0
12
-4
1
-14
4
-13
2
-11
6
9
-1
-7
-15
-12
-5
-15
5
-12
8
4
0
11
1
-19
9
-7
2
-31
13
16
-8
-12
-9
-2
-13
-11
-12
-16
-17
-6
-5
12
17
-4
13
27
-12
15
0
17
-4
6
-4
7
-22
-9
-15
16
-4
15
3
18
-12
0
-1
-1
15
-15
-2
-15
13
10
-8
-2
-3
-6
-2
0
-2
-12
-15
15
-1
1
4
-9
-4
5
-2
5
17
3
-21
-5
-3
-3
-14
9
0
0
23
0
3
-20
7
-9
-3
0
-21
-4
6
5
5
-11
-2
-5
0
-7
4
1
13
-14
-8
1
13
13
4
-3
-14
-5
-12
-6
-6
22
-8
0
0
-8
15
9
0
-7
-1
-18
-14
-10
-1
-11
3
-8
-7
4
-11
10
17
-14
-10
6
13
11
-2
-12
3
-6
-23
4
4
-1
3
-8
-6
-1
1
18
10
-24
8
-4
13
-4
7
5
-1
3
10
-8
-5
0
2
-3
11
18
0
-19
0
6
10
3
-4
3
-14
9
7
0
-14
-5
2
5
-13
0
15
1
0
-12
4
3
-17
-5
-6
-2
9
5
12
12
-11
4
5
11
-22
2
0
3
-28
-1
4
1
-17
-13
-5
-6
12
2
-4
-5
6
-3
-16
0
-1
-15
14
13
0
0
9
4
-6
3
-27
-5
-6
0
0
21
5
26
-8
12
29
-3
9
-2
12
-8
0
6
1
3
8
-13
0
-3
1
8
-26
5
6
3
-14
2
-7
-7
1
5
-10
-6
0
3
0
8
-9
-6
28
13
-7
-1
2
-8
5
-22
0
-9
-12
8
11
-11
14
-16
-7
0
-20
-4
7
-15
-3
0
12
-5
0
8
-13
11
-6
-20
-11
16
0
6
-13
15
11
16
1
15
-9
13
-14
-18
0
10
-3
-21
-21
-15
7
1
3
0
9
-5
1
0
5
0
10
6
-21
2
-13
2
7
-1
-12
-2
0
0
0
8
-12
0
10
9
-4
6
6
-2
-3
19
7
-12
16
-2
5
-10
-8
-4
1
-1
-4
10
-11
0
6
-8
-8
2
15
-2
-10
11
-3
-7
-11
-7
5
0
4
2
-5
-12
12
-15
0
-16
-5
4
17
1
-7
-5
-8
-8
-4
-13
-1
-4
-6
-3
-11
-2
17
6
20
5
-5
-1
-6
1
-8
-8
2
-1
5
18
-2
8
-17
-1
-8
-8
15
-24
-1
0
-18
-12
-17
1
2
7
-5
-13
-21
-2
-6
-8
-4
14
15
-9
-18
2
-12
0
-17
5
-2
5
-10
-10
3
-2
-3
-2
-8
-1
0
-2
-1
8
-5
-16
10
9
9
-10
-2
-10
2
-14
7
-4
3
2
-13
10
-13
-22
28
0
11
9
-5
30
-2
-2
-6
7
6
0
-3
17
-14
11
-9
3
-5
0
17
-9
2
-22
2
-6
-3
-5
4
-7
1
1
-7
2
-6
-18
18
3
-8
-14
-14
0
2
-11
-30
3
9
-29
-5
5
20
-16
-3
3
14
-10
-10
5
-4
5
-14
-10
6
-12
-6
6
2
-5
-2
-4
-9
3
-21
11
8
-3
13
13
-6
-12
-19
0
-30
-7
-9
-5
-7
-3
-6
-17
0
-4
3
2
4
-29
6
9
3
-3
-23
-24
9
-9
-1
10
17
-5
11
4
12
3
0
-25
-1
-22
-4
-12
-3
-10
7
2
8
7
-18
-3
0
16
4
6
0
-3
18
-5
-6
-8
1
14
14
-7
-6
-6
-1
-12
-1
3
0
3
3
-13
-2
0
-7
-10
2
-7
2
-15
-8
-18
-18
-5
0
-17
5
3
-2
-18
-2
4
-8
-12
8
-21
5
10
-10
-2
-6
0
-11
10
23
5
-22
-2
3
2
-2
-2
17
6
-17
-5
-18
12
-15
2
15
3
-8
-1
-8
0
-2
13
5
-4
-9
13
17
15
-5
-7
-1
-5
14
-3
0
0
-4
-21
14
-15
-7
1
5
-1
-5
10
9
-10
-11
4
3
0
-24
-3
-4
0
10
-6
5
-1
-14
-6
2
17
7
-1
-20
-12
26
13
-11
4
0
-13
0
-2
-11
19
12
3
8
-12
-11
-16
-6
4
12
-23
-8
3
-5
1
-23
-8
14
-5
-16
2
-4
-11
8
0
-7
20
-21
-4
0
-5
3
-6
-17
-1
