121
102
24
119
104
-56
-68
34
103
-64
-55
-33
17
-73
68
-51
-67
-116
-61
57
-82
-20
-63
85
96
83
-120
36
-67
114
40
-54
-8
96
36
-87
-114
-37
-118
85
47
50
-74
-84
-23
33
122
-93
-89
-14
-23
122
-93
-106
-119
-17
78
6
-82
44
-90
93
97
-60
-58
-24
8
-97
-48
31
-57
-10
87
126
32
-90
86
-61
-87
113
107
-44
32
-56
73
-63
-94
25
74
118
115
-14
79
95
-124
-120
-75
0
-75
71
-33
111
-9
-114
47
41
-59
-128
-32
60
-73
-25
89
-108
53
-23
-50
-94
-65
-57
-62
-75
32
-44
11
38
-75
90
46
-72
-111
-79
-49
-9
-4
13
-83
87
-8
-96
-79
84
15
-22
32
102
-42
-74
28
74
35
-52
14
92
26
27
-126
-65
-93
126
37
-59
-89
106
-1
117
25
-122
26
116
-76
-66
-14
-60
75
3
105
-126
-116
-13
-68
-126
-109
-107
-121
10
-90
97
115
-114
-5
63
-63
-39
44
-122
-87
-119
-70
84
58
-1
-86
-116
-33
-121
43
96
-8
-49
52
88
91
100
-77
-29
73
-15
-47
126
-34
-24
-24
-15
-87
73
19
0
92
-34
120
-88
105
-87
-125
-114
8
-18
24
-81
-122
106
70
-32
105
-72
12
17
-78
-35
-53
7
117
-84
-70
16
-54
-93
-127
96
45
28
-10
-34
32
110
-23
18
-6
-96
-91
-43
-1
39
-110
7
-10
96
-100
-26
-63
-86
20
-30
-8
110
-79
-106
67
-82
-13
67
-93
-99
28
-64
114
22
1
-79
-45
-69
-31
36
-119
-15
31
21
-10
108
-126
7
-22
-59
-60
-50
-87
52
-9
86
-48
72
-102
111
96
-122
45
48
103
-128
47
56
19
108
94
-61
-65
29
-29
-78
54
120
33
94
-44
117
109
-122
-81
67
71
-60
-88
30
-74
-52
91
-81
-120
38
63
120
-77
48
6
-22
62
9
64
122
26
121
44
-53
-35
42
106
107
-61
-12
81
-65
-107
-22
